# Aperture theme dircolors
# fg/orange #FC9505 -> 38;2;252;149;5
# link/blue #6FABFF -> 38;2;111;171;255
# positive  #6FDB88 -> 38;2;111;219;136
# neutral   #EEBB44 -> 38;2;238;187;68
# negative  #FF6F6F -> 38;2;255;111;111
# inactive  #8C8C8C -> 38;2;140;140;140

TERM *

RESET 0
NORMAL 38;2;252;149;5
FILE 38;2;252;149;5
DIR 01;38;2;111;171;255
LINK 38;2;238;187;68
MULTIHARDLINK 38;2;238;187;68
FIFO 38;2;238;187;68;48;2;20;11;5
SOCK 38;2;255;111;111
DOOR 38;2;255;111;111
BLK 01;38;2;238;187;68
CHR 01;38;2;238;187;68
ORPHAN 01;38;2;255;111;111
MISSING 01;38;2;255;111;111
SETUID 38;2;20;11;5;48;2;255;111;111
SETGID 38;2;20;11;5;48;2;238;187;68
CAPABILITY 38;2;20;11;5;48;2;238;187;68
STICKY_OTHER_WRITABLE 38;2;20;11;5;48;2;111;219;136
OTHER_WRITABLE 38;2;111;171;255;48;2;20;11;5
STICKY 38;2;252;149;5;48;2;111;171;255
EXEC 01;38;2;111;219;136

# archives -> negative
.tar 38;2;255;111;111
.tgz 38;2;255;111;111
.arc 38;2;255;111;111
.arj 38;2;255;111;111
.taz 38;2;255;111;111
.lha 38;2;255;111;111
.lz4 38;2;255;111;111
.lzh 38;2;255;111;111
.lzma 38;2;255;111;111
.tlz 38;2;255;111;111
.txz 38;2;255;111;111
.tzo 38;2;255;111;111
.t7z 38;2;255;111;111
.zip 38;2;255;111;111
.z 38;2;255;111;111
.dz 38;2;255;111;111
.gz 38;2;255;111;111
.lrz 38;2;255;111;111
.lz 38;2;255;111;111
.lzo 38;2;255;111;111
.xz 38;2;255;111;111
.zst 38;2;255;111;111
.tzst 38;2;255;111;111
.bz2 38;2;255;111;111
.bz 38;2;255;111;111
.tbz 38;2;255;111;111
.tbz2 38;2;255;111;111
.tz 38;2;255;111;111
.deb 38;2;255;111;111
.rpm 38;2;255;111;111
.jar 38;2;255;111;111
.war 38;2;255;111;111
.ear 38;2;255;111;111
.sar 38;2;255;111;111
.rar 38;2;255;111;111
.alz 38;2;255;111;111
.ace 38;2;255;111;111
.zoo 38;2;255;111;111
.cpio 38;2;255;111;111
.7z 38;2;255;111;111
.rz 38;2;255;111;111
.cab 38;2;255;111;111
.wim 38;2;255;111;111
.swm 38;2;255;111;111
.dwm 38;2;255;111;111
.esd 38;2;255;111;111

# images / media -> neutral gold
.avif 38;2;238;187;68
.jpg 38;2;238;187;68
.jpeg 38;2;238;187;68
.mjpg 38;2;238;187;68
.mjpeg 38;2;238;187;68
.gif 38;2;238;187;68
.bmp 38;2;238;187;68
.pbm 38;2;238;187;68
.pgm 38;2;238;187;68
.ppm 38;2;238;187;68
.tga 38;2;238;187;68
.xbm 38;2;238;187;68
.xpm 38;2;238;187;68
.tif 38;2;238;187;68
.tiff 38;2;238;187;68
.png 38;2;238;187;68
.svg 38;2;238;187;68
.svgz 38;2;238;187;68
.mng 38;2;238;187;68
.pcx 38;2;238;187;68
.mov 38;2;238;187;68
.mpg 38;2;238;187;68
.mpeg 38;2;238;187;68
.m2v 38;2;238;187;68
.mkv 38;2;238;187;68
.webm 38;2;238;187;68
.webp 38;2;238;187;68
.ogm 38;2;238;187;68
.mp4 38;2;238;187;68
.m4v 38;2;238;187;68
.mp4v 38;2;238;187;68
.vob 38;2;238;187;68
.qt 38;2;238;187;68
.nuv 38;2;238;187;68
.wmv 38;2;238;187;68
.asf 38;2;238;187;68
.rm 38;2;238;187;68
.rmvb 38;2;238;187;68
.flc 38;2;238;187;68
.avi 38;2;238;187;68
.fli 38;2;238;187;68
.flv 38;2;238;187;68
.gl 38;2;238;187;68
.dl 38;2;238;187;68
.xcf 38;2;238;187;68
.xwd 38;2;238;187;68
.yuv 38;2;238;187;68
.cgm 38;2;238;187;68
.emf 38;2;238;187;68
.ogv 38;2;238;187;68
.ogx 38;2;238;187;68

# audio -> positive green
.aac 38;2;111;219;136
.au 38;2;111;219;136
.flac 38;2;111;219;136
.m4a 38;2;111;219;136
.mid 38;2;111;219;136
.midi 38;2;111;219;136
.mka 38;2;111;219;136
.mp3 38;2;111;219;136
.mpc 38;2;111;219;136
.ogg 38;2;111;219;136
.ra 38;2;111;219;136
.wav 38;2;111;219;136
.oga 38;2;111;219;136
.opus 38;2;111;219;136
.spx 38;2;111;219;136
.xspf 38;2;111;219;136

# backups / temp -> inactive gray
*~ 38;2;140;140;140
*# 38;2;140;140;140
.bak 38;2;140;140;140
.old 38;2;140;140;140
.orig 38;2;140;140;140
.swp 38;2;140;140;140
.tmp 38;2;140;140;140
.log 38;2;140;140;140
